(0.33-0.33-0.33) (1654, 14.31660749492892) (131, 4.0904592842654059) (846, 26.587985347725137)
(0.1-0.3-0.6) (1657, 16.361837137061624) (130, 4.0904592842654059) (773, 22.497526063459734)
(0.1-0.6-0.3) (1681, 22.497526063459734) (131, 4.0904592842654059) (837, 30.678444631990544)
(0.6-0.1-0.3) (1649, 16.361837137061624) (132, 4.0904592842654059) (833, 26.587985347725137)
(0.33-0.33-0.33) (1409, 14.31660749492892) (235, 8.1809185685308119) (364, 6.1356889263981085)
(0.1-0.3-0.6) (1402, 12.271377852796217) (236, 10.226148210663515) (354, 4.0904592842654059)
(0.1-0.6-0.3) (1416, 16.361837137061624) (219, 8.1809185685308119) (360, 6.1356889263981085)
(0.6-0.1-0.3) (1396, 16.361837137061624) (245, 10.226148210663515) (361, 4.0904592842654059)
(0.33-0.33-0.33) (1373, 12.271377852796217) (221, 6.1356889263981085) (301, 14.31660749492892)
(0.1-0.3-0.6) (1378, 10.226148210663515) (211, 6.1356889263981085) (268, 10.226148210663515)
(0.1-0.6-0.3) (1385, 12.271377852796217) (203, 8.1809185685308119) (291, 14.31660749492892)
(0.6-0.1-0.3) (1363, 8.1809185685308119) (229, 8.1809185685308119) (285, 14.31660749492892)
(0.33-0.33-0.33) (1383, 12.271377852796217) (291, 10.226148210663515) (565, 10.226148210663515)
(0.1-0.3-0.6) (1385, 14.31660749492892) (304, 8.1809185685308119) (542, 8.1809185685308119)
(0.1-0.6-0.3) (1423, 12.271377852796217) (273, 8.1809185685308119) (583, 10.226148210663515)
(0.6-0.1-0.3) (1388, 12.271377852796217) (309, 8.1809185685308119) (559, 10.226148210663515)
(0.33-0.33-0.33) (1405, 14.31660749492892) (467, 8.1809185685308119) (559, 8.1809185685308119)
(0.1-0.3-0.6) (1431, 18.407066779194327) (447, 8.1809185685308119) (541, 8.1809185685308119)
(0.1-0.6-0.3) (1467, 18.407066779194327) (411, 10.226148210663515) (567, 10.226148210663515)
(0.6-0.1-0.3) (1399, 18.407066779194327) (469, 8.1809185685308119) (547, 6.1356889263981085)
(0.33-0.33-0.33) (1575, 14.31660749492892) (549, 10.226148210663515) (303, 8.1809185685308119)
(0.1-0.3-0.6) (1626, 18.407066779194327) (540, 12.271377852796217) (286, 10.226148210663515)
(0.1-0.6-0.3) (1703, 22.497526063459734) (499, 8.1809185685308119) (316, 14.31660749492892)
(0.6-0.1-0.3) (1571, 14.31660749492892) (559, 10.226148210663515) (294, 8.1809185685308119)
(0.33-0.33-0.33) (1434, 10.226148210663515) (599, 12.271377852796217) (284, 12.271377852796217)
(0.1-0.3-0.6) (1475, 20.452296421327031) (602, 10.226148210663515) (243, 12.271377852796217)
(0.1-0.6-0.3) (1489, 24.542755705592434) (549, 6.1356889263981085) (264, 12.271377852796217)
(0.6-0.1-0.3) (1407, 16.361837137061624) (618, 10.226148210663515) (270, 12.271377852796217)
(0.33-0.33-0.33) (1761, 18.407066779194327) (254, 10.226148210663515) (382, 6.1356889263981085)
(0.1-0.3-0.6) (1804, 20.452296421327031) (269, 8.1809185685308119) (357, 8.1809185685308119)
(0.1-0.6-0.3) (1826, 20.452296421327031) (230, 6.1356889263981085) (392, 14.31660749492892)
(0.6-0.1-0.3) (1732, 18.407066779194327) (311, 16.361837137061624) (379, 12.271377852796217)
(0.33-0.33-0.33) (2501, 28.633214989857841) (926, 12.271377852796217) (574, 18.407066779194327)
(0.1-0.3-0.6) (2503, 20.452296421327031) (921, 20.452296421327031) (524, 16.361837137061624)
(0.1-0.6-0.3) (2641, 28.633214989857841) (833, 10.226148210663515) (574, 28.633214989857841)
(0.6-0.1-0.3) (2470, 18.407066779194327) (956, 10.226148210663515) (573, 16.361837137061624)
(0.33-0.33-0.33) (1430, 16.361837137061624) (630, 8.1809185685308119) (205, 4.0904592842654059)
(0.1-0.3-0.6) (1493, 26.587985347725137) (615, 8.1809185685308119) (209, 4.0904592842654059)
(0.1-0.6-0.3) (1542, 20.452296421327031) (554, 8.1809185685308119) (229, 10.226148210663515)
(0.6-0.1-0.3) (1378, 10.226148210663515) (663, 12.271377852796217) (202, 8.1809185685308119)
